64987
64989
64991
64993
64995
64997
64999
65001
65003
65005
65007
65009
65011
65013
65015
65017
65019
65021
65023
65025
65027
65029
65031
65033
65035
65037
65039
65041
65043
65045
65047
65049
65051
65053
65055
65057
65059
65061
65063
65065
65067
65069
65071
65073
65075
65077
65079
65081
65083
65085
65087
65089
65091
65093
65095
65097
65099
65101
65103
65105
65107
65109
65111
65113
65115
65117
65119
65121
65123
65125
65127
65129
65131
65133
65135
65137
65139
65141
65143
65145
65147
65149
65151
65153
65155
65157
65159
65161
65163
65165
65167
65169
65171
65173
65175
65177
65179
65181
65183
65185
65187
65189
65191
65193
65195
65197
65199
65201
65203
65205
65207
65209
65211
65213
65215
65217
65219
65221
65223
65225
65227
65229
65231
65233
65235
65237
65239
65241
65243
65245
65247
65249
65251
65253
65255
65257
65259
65261
65263
65265
65267
65269
65271
65273
65275
65277
65279
65281
65283
65285
65287
65289
65291
65293
65295
65297
65299
65301
65303
65305
65307
65309
65311
65313
65315
65317
65319
65321
65323
65325
65327
65329
65331
65333
65335
65337
65339
65341
65343
65345
65347
65349
65351
65353
65355
65357
65359
65361
65363
65365
65367
65369
65371
65373
65375
65377
65379
65381
65383
65385
65387
65389
65391
65393
65395
65397
65399
65401
65403
65405
65407
65409
65411
65413
65415
65417
65419
65421
65423
65425
65427
65429
65431
65433
65435
65437
65439
65441
65443
65445
65447
65449
65451
65453
65455
65457
65459
65461
65463
65465
65467
65469
65471
65473
65475
65477
65479
65481
65483
65485
65487
65489
65491
65493
65495
65497
65499
65501
65503
65505
65507
65509
65511
65513
65515
65517
65519
65521
65523
65525
65527
65529
65531
65533
65535
65537
65539
65541
65543
65545
65547
65549
65551
65553
65555
65557
65559
65561
65563
65565
65567
65569
65571
65573
65575
65577
65579
65581
65583
65585
65587
65589
65591
65593
65595
65597
65599
65601
65603
65605
65607
65609
65611
65613
65615
65617
65619
65621
65623
65625
65627
65629
65631
65633
65635
65637
65639
65641
65643
65645
65647
65649
65651
65653
65655
65657
65659
65661
65663
65665
65667
65669
65671
65673
65675
65677
65679
65681
65683
65685
65687
65689
65691
